0 400.5 214.8 41 66 
1 198.0 225.2 6 64 
2 67.6 200.2 29 40 
3 22.2 119.2 13 14 40 
4 314.6 27.3 26 49 60 
5 26.7 59.9 13 57 
6 216.9 178.3 1 21 42 48 
7 334.8 288.6 9 12 17 23 47 66 
8 255.5 116.4 32 38 49 61 
9 264.8 351.9 7 27 30 52 62 
10 21.5 287.6 18 22 29 
11 154.5 242.4 35 46 67 
12 319.8 219.6 7 34 44 48 58 
13 77.7 91.7 3 5 57 59 
14 18.8 174.9 3 18 
15 286.1 298.4 27 39 
16 139.7 306.5 25 36 55 
17 322.2 336.7 7 24 62 
18 18.8 230.1 10 14 40 
19 190.9 400.5 30 36 56 
20 389.7 104.2 26 41 58 
21 203.7 138.6 6 61 
22 44.3 342.4 10 25 53 
23 383.5 326.2 7 
24 358.3 379.3 17 
25 107.8 346.1 16 22 51 53 56 
26 376.9 41.7 4 20 37 
27 239.3 303.9 9 15 42 65 
28 128.2 74.1 31 57 
29 68.1 250.8 2 10 46 51 
30 251.3 400.5 9 19 52 62 
31 159.4 110.6 28 33 61 63 
32 254.4 161.5 8 44 
33 162.2 156.5 31 35 
34 357.1 186.5 12 66 
35 162.9 197.9 11 33 46 
36 162.5 352.7 16 19 56 65 67 
37 335.4 82.8 26 49 58 
38 226.4 53.4 8 49 63 
39 304.1 256.1 15 48 
40 70.1 149.6 2 3 18 
41 400.5 159.7 0 20 
42 261.7 248.3 6 27 65 
43 146.4 18.8 45 57 
44 299.6 165.8 12 32 48 50 
45 203.2 18.8 43 60 
46 113.1 219.5 11 29 35 54 55 
47 400.5 270.8 7 66 
48 272.6 209.9 6 12 39 44 
49 280.0 60.5 4 8 37 38 50 
50 298.6 121.7 44 49 58 
51 80.0 302.1 25 29 
52 219.9 354.5 9 30 65 
53 76.6 392.2 22 25 
54 116.3 174.9 46 59 
55 116.2 267.7 16 46 
56 134.6 400.0 19 25 36 
57 84.5 28.2 5 13 28 43 
58 346.5 138.8 12 20 37 50 
59 118.2 127.6 13 54 
60 258.0 18.8 4 45 
61 211.3 95.1 8 21 31 63 
62 301.8 393.9 9 17 24 30 
63 170.5 52.2 31 38 61 
64 218.4 260.6 1 67 
65 196.5 309.8 27 36 42 52 67 
66 350.3 240.0 0 7 34 47 
67 177.1 276.9 11 36 64 65 
